1
2
4
5
6
7
8
9
10
11
12
13
14
15
16
18
19
20
21
22
23
24
25
26
27
28
29
30
31
32
33
34
35
36
37
38
39
40
41
42
43
44
45
46
47
48
49
50
51
52
53
54
55
56
57
58
60
62
63
64
65
66
67
68
69
72
73
74
75
76
77
78
79
80
81
82
83
84
85
86
87
88
89
91
92
94
95
96
97
99
100
101
103
105
111
114
116
118
121
123
128
129
130
131
132
133
134
135
136
137
138
139
140
143
144
145
146
148
149
150
151
152
154
155
156
157
158
159
160
161
162
163
164
165
166
167
168
169
170
173
174
175
176
177
178
179
180
181
182
183
184
190
193
194
196
197
198
199
200
201
202
203
204
205
206
207
209
210
212
213
214
215
216
217
218
219
224
226
229
230
231
232
233
234
235
236
237
238
239
241
242
243
244
245
246
247
248
249
250
251
252
254
256
257
258
259
260
261
262
263
264
268
272
273
277
278
279
280
281
282
283
284
285
286
287
288
289
291
295
297